274300
608393
184460
256500
188550
607765
608622
608895
600965
263700
166000
609529
176450
603830
606243
162210
245660
144200
214100
313900
226400
218040
300299
133239
603909
137760
608175
300376
233300
236700
223900
151623
125700
136900
106600
300291
608584
600496
259500
601547
181450
202200
272200
169400
171200
607155
601536
601367
208085
607322
608611
277420
105200
209850
600121
304020
304110
136800
158590
180104
300055
113100
278780
604004
104310
600512
153000
605362
133200
606843
187300
239510
608800
600202
184500
602014
601631
116200
168601
609136
219500
228900
607457
127700
305390
123790
166600
260920
607832
302350
312080
608415
602036
162091
162800
607821
605820
601399
606438
118700
192600
603813
308230
606353
249270
602522
306400
608556
253260
304150
220150
158350
121200
601492
609637
118200
608355
236792
601842
231300
266500
146300
217095
608634
606788
140000
604498
128100
608837
166200
202110
249500
602475
605814
133701
607225
239500
277700
188890
607483
248600
607271
209920
300068
241500
600881
606904
164280
608579
600974
114900
100800
208250
181500
233710
210900
270550
125480
217090
608567
608232
234050
214150
172870
113200
272300
202300
203750
300497
602088
251100
158320
204500
112050
269700
601780
607208
605074
604931
309580
245150
300397
600807
240800
300000
601419
312863
127400
608643
600138
600803
136520
606072
607801
176270
600363
277000
264300
153400
166700
176200
229100
230350
274150
607625
136120
234500
107250
607785
145260
117210
147950
269921
212070
125850
202370
176500
601071
201450
604273
607631
601678
609220
300514
312870
224410
608890
177735
241200
153870
215100
216400
310400
608776
231900
607903
608516
170650
168610
602092
114000
203100
609241
209900
600791
155755
201710
607341
601110
257320
275210
142900
237300
142623
605676
600334
606003
600204
300323
267750
210200
602668
310500
160800
261500
229300
608358
245000
606824
180920
255800
600263
254130
603629
215700
115195
224900
137750
300067
167200
113900
131960
609200
604117
120100
266130
241410
117550
607476
602398
609057
602347
129600
604302
601847
193670
244460
169600
153700
302960
111380
182940
237310
153800
254500
607594
307000
300448
602771
203300
607482
253600
212140
245010
149400
154020
224050
271900
607689
251880
600649
182980
105650
142946
230200
120970
602473
105830
116860
608404
301050
601954
133020
245349
300486
606482
252150
136880
168550
112500
164300
269160
206100
606685
260540
203655
148190
273395
239000
128235
101200
603285
155601
273800
248200
607143
601634
135150
266510
606324
214700
147480
162500
266600
601455
600274
311150
250460
605375
112010
236270
308800
143500
606996
101000
609180
609310
606854
160120
604901
608716
602491
257220
131750
230400
604625
606664
606002
605637
272430
604286
175780
607572
277580
605724
609040
608641
276902
229070
200700
242300
253700
608456
605316
186000
607039
601544
188470
607677
604715
312750
123700
254450
145000
602579
608627
146110
300436
113000
192605
153200
606574
300009
211900
606346
300465
275630
601316
607078
609423
256450
151900
161400
601386
606952
300240
609254
133780
272800
607277
608804
225500
601665
608799
608115
278740
607473
600105
102700
602078
115700
605911
601495
600309
180100
608361
302045
160900
248500
210250
246200
182290
181000
236250
154700
601518
300412
608233
600669
600462
238970
604765
307030
251200
608654
606799
168500
607133
203780
163500
600195
208230
118400
152430
200990
601868
162200
608266
276400
608106
171400
220400
600072
607487
254800
268310
300455
217300
222700
255700
209950
278800
600919
118300
604233
604284
222100
165550
103500
142330
600858
211600
278300
115310
604757
116920
602459
213700
606889
602722
104500
131300
259900
607941
604393
146520
607115
250100
131705
126600
255120
203500
214400
265120
143465
237500
224120
189500
601706
180550
263200
268210
609006
146200
601067
131800
191900
228300
308930
245900
608751
194072
170500
256300
304790
267300
256730
159000
138000
256000
607091
230450
217800
248900
608093
608099
602450
302800
260370
255960
608161
235400
277440
607486
271150
264800
303100
168300
184250
266120
215300
106300
266150
171300
312060
604772
145600
178500
602080
601369
606657
313400
277900
254770
607450
601675
606056
604367
603041
259700
310468
227300
115200
604250
104300
601287
300438
130020
253800
231680
206900
215600
601451
603896
607748
603075
604391
605850
125370
300501
2
608836
113650
154500
242900
137600
214800
302060
607822
606963
194080
202400
277300
164200
176807
209300
607174
601214
601277
244400
600652
607330
180849
186100
261750
133100
111400
308240
108720
152700
604229
601321
153100
600648
232500
180105
233700
605839
248310
273750
604416
182600
201470
137800
226700
605373
263800
300183
600320
159900
274500
129490
300510
177200
245200
212066
303700
604308
132600
232300
187950
262600
261000
130010
277730
166210
603932
193520
607706
241550
609304
179010
600513
607655
256550
177170
310200
604169
186500
603218
201300
113800
125490
260350
208920
602485
607778
231670
300494
601559
607084
256370
103050
602134
240300
605027
257950
115197
149000
607398
258100
604278
605253
606606
607015
276904
174200
156550
608629
110100
170400
193100
607850
160500
103780
104290
175200
222000
208900
604841
603965
300100
600969
241510
121201
168600
170390
275000
300166
607681
270100
606176
604320
131950
607250
601104
145001
148700
268000
607432
125800
607654
600132
183086
194200
275900
166260
267430
157640
605355
256850
248300
260000
608354
147891
601680
607364
101600
274600
249100
227650
123150
173900
223100
201475
601815
608758
300216
155100
604091
300029
601003
119500
311250
605909
300491
190320
606764
304800
607523
600081
308300
256030
254780
156400
607855
145900
241850
119300
607734
603034
235730
607276
300426
607906
269600
600802
155240
218700
301310
604168
253400
605899
609242
601414
233690
219050
311200
604218
609192
606054
605258
223360
608623
606943
253550
600095
606690
176305
161200
607624
161800
127750
607626
173650
110450
608728
605249
193530
200500
600501
227810
252940
200100
262300
207800
602089
607682
114500
601072
601400
607060
108500
143870
204870
605990
207410
308050
600060
193900
200150
226650
606595
606777
181030
251260
174050
214450
215150
184840
248360
222765
209500
188000
120435
211980
223800
600962
150800
190685
190350
602390
300511
604571
605361
180500
608681
609227
608194
608203
225060
245590
604232
608569
146510
277180
254210
132400
609609
235800
601144
151660
143200
272460
165500
225000
219700
219750
604271
603720
212065
601283
300387
146590
151100
242860
107480
123500
127550
608779
609069
253270
125851
601494
137920
187500
606688
110800
188570
607692
605280
231005
304700
164400
142680
234200
248510
113300
192950
600886
221770
130070
102200
254600
609054
162400
254110
608957
308940
607948
600971
161550
604387
209880
278400
609638
108900
252010
607101
300200
606768
137215
277450
605670
175700
300539
603554
105150
260400
141500
116800
603147
609460
172700
226600
603545
607313
600996
226670
253300
232600
604536
158300
113970
300352
124900
601005
305000
603284
180800
607739
605432
605376
112100
300367
101400
130050
301040
600116
158000
186570
180300
216900
177850
604563
604369
114480
108300
118210
157300
261550
214500
300301
210600
608328
250940
191100
604129
228600
273300
178600
243300
607080
118450
608097
300498
247200
109400
115210
306955
153640
602083
210370
602481
309490
114400
604370
603829
167210
601887
143470
262190
601238
303400
135300
312920
166710
603807
136680
602093
140300
606966
607200
262500
609308
201250
253250
604187
201400
607417
301000
602875
300069
608104
300279
607823
131850
213300
609265
603902
115196
607154
608612
200610
112600
252605
609135
144700
303350
9
608864
606408
250250
226200
300306
607676
242500
145500
145750
608594
266265
130060
146800
609056
106100
150250
109800
146255
609049
106210
300458
215140
219800
114030
609533
153650
103900
135700
248250
606407
600110
603471
310300
609307
601553
203400
275200
605156
108120
225410
608615
110500
277610
300389
608563
300018
608540
137440
600794
147050
148820
256731
218800
222300
182212
125310
245480
607326
270685
307200
309590
607196
277460
231200
300558
174700
300495
601859
125853
122000
307800
256700
164500
268150
605543
270200
300123
176410
300400
300071
309541
309549
602081
189800
174810
606217
193510
601457
276950
128230
608320
600376
608189
120330
252900
193300
129750
125500
122100
203450
225400
606812
606159
148000
600059
600852
276901
601583
101900
606705
193500
603776
601885
181510
600118
132000
603278
153480
252650
151400
126200
309000
600515
607841
122470
231550
602079
604348
274400
600151
246700
204100
607602
608996
601718
264350
604804
267450
601001
183090
309583
270960
258501
219100
302950
603622
263400
300425
204200
607678
169100
207750
605594
188580
132700
300257
131440
606762
608810
130000
103470
123320
600143
604290
174900
607475
182601
153300
167800
607921
300218
605462
257200
207900
205100
607016
255110
607736
120200
602849
277590
205400
155950
210210
600882
268300
105120
608768
133700
254090
236670
182230
125420
122880
236490
606785
601626
600737
253601
185800
117300
247100
607236
608688
165720
278730
606437
219900
259420
173600
607014
268100
166220
265800
603553
177900
309400
203800
303600
607616
203700
252600
609446
145980
154780
604717
607136
157170
124200
175050
269920
238700
266900
607323
127300
240600
147250
165300
194070
119600
185500
600995
105400
219000
251000
122700
256800
607628
124000
242100
263300
606719
607684
608637
607554
118220
601098
603933
603175
305100
226730
601472
268220
232220
123400
109150
249700
601382
133540
243500
143890
606617
187600
603358
231100
261100
153550
146000
220100
277600
600316
270400
226980
130650
609260
607641
604326
202700
313200
155255
239200
601596
609060
148300
194050
601317
233100
242650
160980
144010
114550
204000
608390
204700
278750
607685
114290
163950
607791
600101
201100
158810
603956
190351
601543
301200
606798
304400
252011
142945
117000
278760
162300
608874
129500
607259
604307
232240
261515
168000
600155
256100
121850
606593
276300
608807
600955
164230
604219
250950
268800
607831
160150
230800
135290
237900
608380
608446
263000
608840
220111
