103470
103500
107480
109400
118450
119500
120330
122880
123790
130650
133540
136680
140000
145900
146510
147950
148820
151100
153640
154780
158300
160980
161200
164280
166700
169100
176270
180800
180849
181450
182212
182230
182290
184460
186500
190320
190685
191100
191900
193500
193510
194050
194072
200990
203300
203450
209900
213300
214100
214150
214500
214800
216400
218040
218800
219000
220400
223800
227650
231550
236670
242860
244400
245000
245010
245150
245660
247200
251260
251880
252010
252011
253250
255800
260400
262190
267750
270400
272430
273395
273750
276950
277700
278800
302060
303600
304150
312870
600118
600462
600501
601005
601214
601559
603041
605432
605676
606407
606593
607115
607323
608233
608355
608612
608629
608837
609060
609460
