104290
104300
104310
105120
105400
109150
113650
117210
118200
118220
118700
123400
126200
127750
128100
128235
133020
137440
142623
145600
149400
159900
162500
164400
164500
172700
175780
183086
183090
200150
202370
203700
203800
204200
208920
224050
224410
229300
234200
248900
254780
254800
256000
256800
256850
257320
260540
266500
266510
269160
270550
270685
277460
300067
300100
300425
304700
309400
309583
312080
312750
600116
600274
601536
601887
602081
603034
603218
603284
603285
603896
603932
604004
604218
604290
604326
605361
606159
606353
606438
606688
606889
607136
607196
607432
608627
608654
609056
609307
609446
