103050
136120
143470
143500
144010
145750
200100
201450
201470
201475
203400
203500
203750
205400
207750
207800
207900
210200
210210
210250
212065
212066
212140
215700
219500
222300
222700
223360
227810
229100
230200
230350
230400
230800
231670
231680
232220
232240
232300
232500
232600
234500
235800
236250
236792
237300
237310
238700
238970
239510
245349
245900
247100
248360
248500
248510
248600
251000
251100
252150
252600
252605
252650
252900
252940
253260
253270
255120
256450
256550
258501
259900
260000
261515
261750
266130
266150
268800
269920
269921
270200
271900
272200
272300
272800
275630
277730
277900
300100
300257
307030
307800
309000
601110
601492
601815
602079
602398
602473
602579
603147
603358
603471
604091
604290
604369
604931
605814
605850
605911
606003
606054
606664
606777
606812
606824
607014
607015
607016
607091
607143
607330
607906
608093
608104
608540
608611
608643
608688
608776
608779
608799
609180
