162643
107300
601920
602544
173410
176801
136836
601916
600185
191170
600993
600160
601300
602216
190070
604124
604373
147110
600946
312865
400020
602146
607537
607536
150000
176880
176300
608010
300126
602322
300377
603722
120140
164761
191315
605740
602365
600150
600235
123829
600675
164757
251170
604110
604285
604296
606597
600053
605080
139340
600065
601567
163729
606967
602136
602859
601789
601791
608666
600279
600414
170995
170993
603360
603164
607844
600429
187011
124092
601267
601373
126453
607796
147138
152390
109690
604687
608595
605238
161561
147683
601690
606531
191160
192020
600211
102772
124030
103850
175100
123101
605420
607939
191740
603489
602235
602232
137164
600570
603210
601949
182389
154270
137160
607566
608072
609302
118504
118507
604619
601145
313440
600698
606454
606687
603945
601607
602690
602421
300414
148069
148042
148067
148041
142830
229000
278700
133510
278720
126340
600811
133520
133530
603968
165230
600163
189907
602991
261600
261630
261640
602279
601309
182340
607199
606622
603381
600529
104760
107741
600759
602710
191840
106180
606989
608254
103950
602403
104311
600310
300309
604103
606158
246450
600234
176943
134934
121014
606761
159991
601728
607108
607100
607215
609237
602617
134797
608990
601097
129010
605725
159440
250790
141800
141900
250800
177060
608648
134820
134830
602935
162080
604365
608752
604863
300500
155555
606202
607462
124020
600749
173335
124015
300036
107280
300356
222900
605194
190182
604242
606551
605131
120280
180090
601146
108961
120252
125485
187680
605380
134370
607111
605290
606580
107680
142959
601239
238600
600525
609300
107670
107720
138700
180902
125647
602861
608547
601130
306900
605294
601691
605512
607854
138491
134638
125505
600716
600244
176640
126650
606000
142857
601090
152780
120130
607273
164785
607102
602195
602378
142984
606598
603795
162280
605995
608507
602298
600287
603557
607697
608206
605262
304040
300108
605597
305371
602730
130130
602997
605799
120120
113811
147557
600805
150310
150292
147556
601282
148066
148040
120110
252800
309900
253000
230500
607664
607071
253220
188450
312700
605020
603377
140100
193400
146790
606272
170100
604384
176947
152790
300336
300427
602727
607649
604592
603234
600837
113505
131242
603851
107400
202010
601802
606709
609262
300005
300142
300206
300499
314998
300096
300127
309548
300104
300157
300075
300267
300034
305400
314995
300189
300105
313430
604672
602229
142910
601199
601900
601837
608780
609188
604579
310600
608537
147796
607608
607623
601015
107776
605988
179615
179616
608958
151460
186790
308380
218030
600725
608803
107730
606945
607786
605747
132811
604088
600564
603644
158900
605377
116955
157147
111680
111700
300008
143100
605268
600075
607465
603474
266200
606224
180297
600523
182870
301300
300135
602743
608041
300390
606890
605284
107470
600839
600359
602023
606412
602024
607759
173470
606201
601548
607306
608307
606879
110300
111200
125240
109270
110600
110750
600170
107269
110900
111000
120620
111250
111100
111300
109480
607922
603094
111740
314700
100740
606681
142983
601542
258900
228960
160775
605364
602716
604766
147520
164920
173490
178620
600726
103000
222800
305900
606857
172400
601002
142600
311800
190450
609010
609014
606953
228000
300248
608160
603103
604210
607690
250850
229600
168468
603780
607814
604067
120290
107910
180200
190020
602302
120353
306700
157140
117700
608451
607343
606933
156845
602150
603647
238331
603846
602694
601825
602141
161015
600857
185620
603646
607544
312170
141850
182138
182135
609457
114021
607892
601618
602593
606847
601601
142461
272750
606869
167409
190195
201910
300473
300032
603824
165240
300037
163731
190040
146740
164350
313700
605704
600354
606873
600502
190180
171760
120160
120150
600221
605271
142000
152424
191523
131320
157660
607788
227500
227600
264900
234000
134570
134580
185470
138850
608136
604614
601621
300371
134935
600678
609413
602311
122720
607340
300461
130160
604580
300011
126452
138720
102600
182309
600129
603700
601253
600700
131100
609309
600890
168461
603714
602630
603073
180250
187040
186855
136351
602667
603023
142981
151410
126110
600358
602409
604763
603025
116897
604332
164040
114350
151385
607083
604684
164009
176797
102578
604260
609351
602566
605370
162200
176876
151430
186880
189980
125860
600733
180430
605802
606781
604214
607929
609118
600020
102610
123590
600536
125660
603009
600650
261670
160760
134790
600635
601143
601295
121300
601962
170261
600005
601863
601861
147370
147470
607393
114208
604433
603967
147670
150100
604714
608313
608310
609575
603904
163890
602569
605210
608923
116790
605566
600755
607265
606810
600031
602900
603196
601687
148043
176261
608179
606350
608465
600415
603372
313020
139350
125670
192090
600887
600871
300392
308000
606230
608633
603422
603178
150571
153440
602601
188040
601176
603594
602018
131244
600423
605423
480000
603470
603859
608796
236200
607093
201810
138160
609196
607397
604934
602768
605195
120550
120570
120575
120580
217000
217030
120700
120810
120820
217050
217070
120960
120940
126420
126430
118470
606806
600018
312820
300192
604322
608272
604489
603718
104614
300384
603030
303900
303800
137150
120260
120270
100650
138079
235200
606464
608374
604720
606157
603693
600584
602744
300205
300180
124080
608630
605522
605113
605646
190990
191030
161650
191041
605073
602104
606075
174763
103220
274270
143450
601762
184429
172480
136850
303631
188830
160741
139191
146690
606419
603937
607300
602280
114760
607301
180069
312600
608381
607643
312610
180380
607331
608400
600342
600724
123825
180071
180072
180721
604392
604485
602225
604705
604490
606352
602821
118190
300401
606439
604277
608145
602783
108740
176730
130500
182860
238310
238330
238300
606628
602115
602117
182279
262850
606480
603516
601556
604325
176980
601517
608703
601515
609526
601011
607640
603680
607198
136530
182530
608107
182900
177070
201460
607008
606885
606521
607117
608201
605481
609279
602413
603921
601465
278000
131222
154545
601022
605347
604190
153620
605018
163970
602337
601545
600514
300121
139150
608706
609269
186910
600617
118485
190000
604515
151670
604144
182100
125270
176000
606938
176100
600923
603400
606078
300552
138981
178640
178630
605978
276000
167790
606152
600044
276903
605242
605516
605514
607696
606397
605908
232000
232050
606416
602402
601719
148080
300485
120180
188070
600845
601757
602026
601059
607474
138140
600644
300307
134850
142958
606883
601620
600957
600956
606882
609577
309550
607818
133171
604982
606118
606682
607521
607522
603401
607145
603517
104170
600024
308840
603550
602121
602574
602460
102560
600970
603324
603537
608576
604418
606706
123740
608568
600994
601478
605511
108733
606440
607038
605608
606808
607928
602666
606351
604943
607237
603681
608366
300039
138750
600660
600046
604824
168820
602447
185250
259730
603345
192132
600985
604327
120215
120190
153454
604539
604386
603741
607206
601240
141250
120436
107271
212138
602575
602153
601928
131399
157655
602985
191330
113705
171834
164870
600098
116806
146760
103600
602218
179502
607585
601889
604289
603615
604590
602686
300490
603339
603335
604366
604090
601749
602063
118490
607642
182455
600243
606672
173515
230000
604611
121050
126337
608083
160740
600281
142410
600856
103280
604115
606765
190160
142955
109630
609397
132810
106150
152427
608348
248611
248610
147575
147720
147679
602053
604933
300265
605459
605460
601653
608071
300170
188250
314200
608552
601806
608769
180960
139330
300278
300110
601105
603031
170280
300550
607047
600035
607170
190900
400005
604759
600509
160777
603868
606526
172460
603046
601982
179755
314310
164860
603005
608667
604305
120131
156570
602568
602221
133430
138040
173510
147840
163730
131370
601814
603959
607009
115500
607139
300515
227645
227646
600901
603467
602956
605882
608111
609644
300383
176930
606887
607444
602938
607709
603848
608918
606596
156225
603590
607440
114240
608896
600119
600900
601411
604488
602290
188840
607423
606210
603951
106165
601699
102680
139130
605565
605325
142993
606326
139360
190120
147910
607633
607840
607838
605248
600259
601623
607817
607461
605317
600722
180901
136132
136350
602360
604237
131550
601860
152445
605425
190080
603711
602643
601530
603499
171060
606999
300535
600937
604402
300035
604780
314850
605573
134770
605086
604142
601756
606655
146738
300203
240400
602109
120210
136435
300474
309850
602358
600276
303630
120070
604610
147730
256540
607998
607042
608102
606725
607837
118425
607096
152200
271980
120220
120240
120250
123890
601843
606759
167415
188540
605379
173110
601538
600577
229800
609312
167416
604025
300292
142858
608464
603426
601299
609523
608300
600079
190090
604395
600925
165640
602860
602700
604584
600040
120470
159350
164790
600258
604258
172411
602452
604694
300247
606347
608829
138033
138430
600797
604641
601724
147545
138190
605286
607194
164731
192240
300095
605083
608135
601969
601487
601498
601758
601731
227400
120360
142989
603248
608109
137780
600364
600179
605446
603200
601094
602669
606418
607574
147570
155760
603799
300202
136352
191306
605102
600632
609458
609489
604283
184757
276700
276600
276710
191092
264700
608713
601769
606585
300391
603767
203200
115501
602286
148065
123940
311850
603113
602631
191195
164050
102770
182350
605204
600225
126450
604149
605066
603941
600173
605371
601785
154550
602616
182390
142994
608177
608210
232200
602671
606800
309060
232400
607839
138571
232700
232800
138492
603593
608662
608222
602445
173325
606530
180435
153622
600997
104155
605367
300300
606639
606463
605010
311870
601788
606119
602397
603201
607764
601652
602432
601771
603490
608181
208400
606822
607036
604566
608750
603503
604041
607144
608103
607905
606941
605881
137060
606978
191350
605907
134637
601566
603612
601622
300415
600799
606368
609252
608014
605712
162030
608620
607751
604032
607059
608801
608053
130410
231675
607809
602858
604313
607900
606686
606273
608548
609058
607481
600049
604443
607379
601865
131243
308100
138090
600713
600542
133450
191290
154870
605828
605829
126391
604312
600528
176960
606673
606860
300145
156490
604558
137192
600194
609383
607800
608508
608512
608515
300481
604860
300538
600228
600760
600761
600983
601844
605232
300394
138130
102574
605391
606918
601984
600299
605769
603406
603673
607035
114205
188826
605378
147450
162230
170710
603051
137167
114251
603415
600515
104250
606829
229700
603026
120328
608283
602753
608894
222748
606702
601313
173910
600273
600555
601265
148070
148060
607456
191190
156100
603861
137350
153450
608614
170998
192977
603100
604517
172490
601763
607358
609342
182381
606236
603816
147280
605441
609018
179820
608892
604161
608137
176830
155541
600450
600456
604630
164160
601007
603128
602044
155540
300444
109691
602606
605353
113730
601693
162150
190181
600140
601500
609186
608893
147620
604907
602201
601615
608221
159530
608455
602243
604927
603202
107930
243400
601609
601617
142360
142640
176860
604134
601470
301500
176260
209901
608845
607590
606151
600374
603650
604896
608132
602049
137290
609414
603288
600950
607657
308700
106410
603796
600681
182380
172471
306000
600968
609062
173350
601406
606844
601336
108730
314670
168450
603716
607830
608945
171050
609584
600814
609019
603707
603708
603930
139200
194355
605809
604831
605849
600917
176885
275350
311770
165330
609412
605100
601387
606837
176705
601593
179617
606811
164840
160790
102540
191045
600824
601439
160781
160710
191040
191010
191044
600958
606566
172405
604638
603652
604241
608786
179060
609359
605205
601604
147569
600266
131195
601284
243305
608002
253200
188545
607606
606635
300457
605270
252920
608830
181031
180381
211100
107777
192340
600838
147020
146770
608360
609353
123580
123620
603212
123610
123680
154045
123690
602438
154050
600929
600897
121015
601828
603779
602533
609007
608309
191342
600532
187270
606897
187395
607478
608034
601486
603033
601215
300275
600835
147200
121360
164770
608815
600576
177000
602536
150325
601489
300451
606603
164008
604095
601975
177400
137140
609367
245050
114130
114131
601107
136533
167410
151443
142200
142250
607261
182125
185490
300256
191043
600692
186830
186740
605257
109535
191525
300386
600301
104150
606518
173610
147781